Solution: sequence of
 - index (order from cube.py)
 - coordinates

0
[[0 1 1 1]
 [0 0 1 1]
 [0 0 0 1]]
1
[[0 1 1 2 2]
 [0 0 0 0 0]
 [1 1 2 2 3]]
5
[[0 0 0 0 0]
 [0 1 1 1 2]
 [2 1 2 3 2]]
9
[[0 1 1 1 1]
 [0 0 1 1 2]
 [3 3 2 3 3]]
11
[[0 0 0 0 1]
 [1 2 2 3 2]
 [0 0 1 0 1]]
7
[[0 0 0 0 1]
 [2 3 3 3 3]
 [3 1 2 3 3]]
2
[[1 1 2 3 3]
 [2 3 3 3 3]
 [0 0 0 0 1]]
12
[[1 2 2 3 3]
 [2 1 2 2 3]
 [2 2 2 2 2]]
10
[[1 2 2 2 3]
 [3 2 2 3 2]
 [1 0 1 1 0]]
8
[[1 2 2 2 3]
 [3 2 3 3 3]
 [2 3 2 3 3]]
6
[[2 2 2 3 3]
 [0 0 1 1 2]
 [0 1 1 1 1]]
3
[[2 3 3 3 3]
 [1 0 0 0 1]
 [0 0 1 2 0]]
4
[[2 3 3 3 3]
 [1 0 1 1 2]
 [3 3 2 3 3]]
